494481.731983830 308997.684302381 2000.000000000  7.646516949 62.867827198 278.844812335 51.755874591 84.909375506 -407.990197024  0.811502382 100000.000000000  0.066000000  1.584224992
811707.260264738 757767.933624048 2000.000000000  3.326872250 227.459676619 264.008442600 133.747594171 73.400148360 795.022420673  0.688844354 100000.000000000  0.066000000  0.419894466
666587.425857513 130448.280408454 2000.000000000  6.387777357 288.230933670 99.521609473 210.805788665 90.081924542 100.421552571  0.596418086 458.509321535  0.066000000  0.981739149
821273.951725417 526118.040176974 2000.000000000  6.127366698 232.868837633 59.773580110 67.001053199 58.938898230 104.515954021  0.629076901 581.025255785  0.066000000  0.764344737
416589.175197446 344637.745001167 2000.000000000  3.623756389 188.996206512 290.919189913 170.997528133 79.003397439 101.663051151  0.543732766 100000.000000000  0.066000000  0.891157506
140502.063156987 215420.813483227 2000.000000000  0.682094917 76.079420645 147.991270946 233.064433132  0.000000000  0.000000000  0.000000000  0.000000000  0.066000000  0.497353946
566788.916827537 782158.725564832 2000.000000000 10.836072802 52.491271762 91.509366867 264.529512026  0.000000000  0.000000000  0.000000000  0.000000000  0.066000000  1.958637302
406704.222638839 443221.860322313 2000.000000000  4.448366104 272.314650546 117.659163815 258.763015360  0.000000000  0.000000000  0.000000000  0.000000000  0.066000000  1.120534668
611585.084554750 574003.725884558 2000.000000000 11.085856208 204.447872647 71.239167372 163.427511854 65.974927810 103.236094103  0.765009350 570.256710319  0.066000000  1.857016713
266416.455190837 170261.615333987 2000.000000000  4.458553411 146.627889732 179.987667627 229.818334187 87.228070494 100.769487045  0.648399111 463.847062698  0.066000000  1.714495638
321818.488266556 605020.049262550 2000.000000000  5.590491245 121.363448771 222.644818852 110.692395873  0.000000000  0.000000000  0.000000000  0.000000000  0.066000000  1.779682122
873011.574602735 483949.597923610 2000.000000000 12.205934012 135.864774097 242.016122675 88.996280096 63.732443527 103.616419933  0.557622536 550.277537833  0.066000000  1.432367546
219448.062722631 883960.609632793 2000.000000000  2.208422047 102.241131604 34.927848069 182.228855438  0.000000000  0.000000000  0.000000000  0.000000000  0.066000000  1.030988401
365690.953632545 664853.253840863 2000.000000000  1.093165408 208.582825230 170.073952813 75.484044681  0.000000000  0.000000000  0.000000000  0.000000000  0.066000000  0.306249311
918780.964418825 700706.579137347 2000.000000000 13.781181972 174.136223961 53.389505934 277.370512023 64.755615986 103.100060477  0.770683948 612.100135607  0.066000000  1.536660525
158263.617169634 392140.710669256 2000.000000000  2.031978026 85.205247685 217.766046917 37.972862258  0.000000000  0.000000000  0.000000000  0.000000000  0.066000000  1.315350142
697211.002751483 76363.429269429 2000.000000000  8.642269905 33.699954275 247.553131805 118.602524443 86.581366179 164.206292405  0.342362468 401.558960482  0.066000000  1.269892768
736481.527270079 276227.240390387 2000.000000000  4.731941714 154.312394197 162.257105207 149.990613473 89.800460996 313.966915938  0.786640191 100000.000000000  0.066000000  0.658235021
536088.615345267 31847.958981982 2000.000000000  1.452370369 254.337564454 132.214583566 292.252302212 97.494385941 165.792777387  0.378576737 410.286642803  0.066000000  0.277551930
